    0    0    0  145  190  200  265    0    0    0    0    0    0    0    0
    0  179  131   88  103    0    0  300    0    0    0    0    0    0    0
    0    0  136   92  108    0    0    0  664    0    0    0    0    0    0
    0    0    0    0    0    0    0    0    0    0    0    0    0    0    0
    0    0  241  144  215    0    0    0    0  201  415    0    0    0    0
    0    0    0    0    0    0    0    0    0  150    0   86  333  621  165
    0    0    0    0    0    0    0    0    0    0    0    0    0    0    0

    0  104  226  468  606  184  189  125  505  321  270   75  199  286  165

    0   75  282    0   10   16   76  175  159   30  145   11  134  335    0