    0    0    0    0    0    0    0   23   23   24   26   26   28    0   30   31   32   33   35   37   38    7    0    0    0    0    0    0   14    0    0    0    0    0    0    0    0    0    0
    0    0    0    0    0    0    0   23   23   24   26   26   28   29   30   31   32   33   35   37   38    7    0    0    0    0    0    0    0    0    0    0    0    0    0    0    0    0    0
    0    0    0    0    0    0    0   23   23   24   26   26   28   29   30   31   32   33   35   37   38    7    0    0    0    0    0    0    0    0    0    0    0    0    0    0    0    0    0
    0    0    0    0    0    0    0   23   23   24   26   26   28   29   30   31   32   33   35   37   38    7    0    0    0    0    0    0    0    0    0    0    0    0    0    0    0    0    0
    0    0    0    0    0    0   39   23   23   24   26   26   28   29   30   31   32   33   35   37   38   39    0    0    0    0    0    0    0    0    0    0    0    0    0    0    0    0    0
    0    0    0    0    0    0    0   23   23   24   26   26   28   29   30   31   32   33   35   37    0    7    0    0    0    0    0    0    0    0    0    0    0    0    0    0    0   21    0
    0    0    0    0   39    0    0   23   23   24   26   26   28   29   30   31   39   33   35   37   38    0    0    0   39    0    0    0    0    0    0   39    0    0    0    0    0    0   22
   23   23   23   23   23   23   23    0    0    9   10   11   28   29   30   31   32   33   35   37   38   23    9   10   23   12   23   23   23   23   23   23   23   23   23   23   23   23   23
   23   23   23   23   23   23   23    0    0    0   10   11   28   29   30   31   32   33   35   37   38   23    0   10   23   12   23   23   23   23   23   23   23   23   23   23   23   23   23
   24   24   24   24   24   24   24    9    0    0    0   11   28   29   30   31   32   33   35   37   38   24    9    0   24   12   24   24   24   24   24   24   24   24   24   24   24   24   24
   26   26   26   26   26   26   26   10   10    0    0    0   12   29   30   31   32   33   35   37   38   26   10   10   24   12    0   13   26   28   26   26   26   26   26   26   26   26   26
   26   26   26   26   26   26   26   11   11   11    0    0    0   29   30   31   32   33   35   37   38   26   11   11   24    0   26   13   26   28   26   26   26   26   26   26   26   26   26
   28   28   28   28   28   28   28   28   28   28   12    0    0    0   30   31   32   33   35   37   38   28   28   28   28   12   28    0   28   28   28   28   28   28   28   28   28   28   28
    0   29   29   29   29   29   29   29   29   29   29   29    0    0    0   31   32   33   35   37   38   29   29   29   29   29   29   13    0   29   29   29    1   29   29   29    1   29   29
   30   30   30   30   30   30   30   30   30   30   30   30   30    0    0   31   32   33   35   37   38   30   30   30   30   30   30   30   14    0   30   30   30   30   30   30   30   30   30
   31   31   31   31   31   31   31   31   31   31   31   31   31   31   31    0    0   33   35   37   38   31   31   31   31   31   31   31   31   31    0   31   31   31   31   31   31   31   31
   32   32   32   32   32   32   39   32   32   32   32   32   32   32   32    0    0   33   35   35   38   39   32   32   32   32   32   32   32   32   32    0   32   32   32   32   32   32   32
   33   33   33   33   33   33   33   33   33   33   33   33   33   33   33   33   33    0    0   19   38   33   33   33   33   33   33   33   33   33   33   33    0   33   19   33   33   33   33
   35   35   35   35   35   35   35   35   35   35   35   35   35   35   35   35   35    0    0    0   38   35   35   35   35   35   35   35   35   35   35   35   18   35    0   35   35   35   35
   37   37   37   37   37   37   37   37   37   37   37   37   37   37   37   37   35   19    0    0   38   39   37   37   37   37   37   37   37   37   37   35   37   37   19   37    0   37   37
   38   38   38   38   38    0   38   38   38   38   38   38   38   38   38   38   38   38   38   38    0   39   38   38   38   38   38   38   38   38   38   38   38   38   38   38   38    0   38
    7    7    7    7   39    7    0   23   23   24   26   26   28   29   30   31   39   33   35   39   39    0    7    7   39    7    7    7    7    7    7   39    7    7    7    7   39   39    0
    0    0    0    0    0    0    0    9    0    9   10   11   28   29   30   31   32   33   35   37   38    7    0   10    0   12    0    0    0    0    0    0    0    0    0    0    0    0    0
    0    0    0    0    0    0    0   10   10    0   10   11   28   29   30   31   32   33   35   37   38    7   10    0    0   12    0    0    0    0    0    0    0    0    0    0    0    0    0
    0    0    0    0    0    0   39   23   23   24   24   24   28   29   30   31   32   33   35   37   38   39    0    0    0   24    0    0    0    0    0    0    0    0    0    0    0    0    0
    0    0    0    0    0    0    0   12   12   12   12    0   12   29   30   31   32   33   35   37   38    7   12   12   24    0    0   13    0   28    0    0    0    0    0    0    0    0    0
    0    0    0    0    0    0    0   23   23   24    0   26   28   29   30   31   32   33   35   37   38    7    0    0    0    0    0    0    0    0    0    0    0    0    0    0    0    0    0
    0    0    0    0    0    0    0   23   23   24   13   13    0   13   30   31   32   33   35   37   38    7    0    0    0   13    0    0    0    0    0    0    0    0    0    0    0    0    0
   14    0    0    0    0    0    0   23   23   24   26   26   28    0   14   31   32   33   35   37   38    7    0    0    0    0    0    0    0    0    0    0   14    0    0    0   14    0    0
    0    0    0    0    0    0    0   23   23   24   28   28   28   29    0   31   32   33   35   37   38    7    0    0    0   28    0    0    0    0    0    0    0    0    0    0    0    0    0
    0    0    0    0    0    0    0   23   23   24   26   26   28   29   30    0   32   33   35   37   38    7    0    0    0    0    0    0    0    0    0    0    0    0    0    0    0    0    0
    0    0    0    0    0    0   39   23   23   24   26   26   28   29   30   31    0   33   35   35   38   39    0    0    0    0    0    0    0    0    0    0    0    0    0    0    0    0    0
    0    0    0    0    0    0    0   23   23   24   26   26   28    1   30   31   32    0   18   37   38    7    0    0    0    0    0    0   14    0    0    0    0    0    0    0    0    0    0
    0    0    0    0    0    0    0   23   23   24   26   26   28   29   30   31   32   33   35   37   38    7    0    0    0    0    0    0    0    0    0    0    0    0    0    0    0    0    0
    0    0    0    0    0    0    0   23   23   24   26   26   28   29   30   31   32   19    0   19   38    7    0    0    0    0    0    0    0    0    0    0    0    0    0    0    0    0    0
    0    0    0    0    0    0    0   23   23   24   26   26   28   29   30   31   32   33   35   37   38    7    0    0    0    0    0    0    0    0    0    0    0    0    0    0    0    0    0
    0    0    0    0    0    0    0   23   23   24   26   26   28    1   30   31   32   33   35    0   38   39    0    0    0    0    0    0   14    0    0    0    0    0    0    0    0    0    0
    0    0    0    0    0   21    0   23   23   24   26   26   28   29   30   31   32   33   35   37    0   39    0    0    0    0    0    0    0    0    0    0    0    0    0    0    0    0    0
    0    0    0    0    0    0   22   23   23   24   26   26   28   29   30   31   32   33   35   37   38    0    0    0    0    0    0    0    0    0    0    0    0    0    0    0    0    0    0
