    0   30   31   34   34   38   39    0    0    0    0    0    0    0    0    0    0    0    0    0    0    0   30   30   30   29   30   29    0    0   30   31   34   32   36   34   36   37   38
   30    0   31   34   34   38   39    0    0    0    0    0    0    0    0    0    0    0    0    0    0    0   30   30   30   30   30   30   30    0   30   31   34   32   36   34   36   37   38
   31   31    0   34   34   38   39    0    0    0    0    0    0    0    0    0    0    0    0    0    0    0   31   31   31   31   31   31   31   31    0   31   34   32   36   34   36   37   38
   34   34   34    0   34   38   39    0    0    0    0    0    0    0    0    0    0    0    0    0    0    0   34   34   34   34   34   34   34   34   34   34   34    0   36   34   36   37   38
   34   34   34   34    0   38   39    0    0    0    0    0    0    0    0    0    0    0    0    0    0    0   34   34   34   34   34   34   34   34   34   34    0   33   36   34   36   37   38
   38   38   38   38   38    0   39    0    0    0    0    0    0    0    0    0    0    0    0    0    0    0   38   38   38   38   38   38   38   38   38   38   38   38   38   38   38    0   38
   39   39   39   39   39   39    0    0    0    0    0    0    0    0    0    0    0    0    0    0    0    0   39   39   39   39   39   39   39   39   39   39   39   39   39   39   39   39    0
    0    0    0    0    0    0    0    0    0    0    0    0    0    0    0    0    0    0    0    0    0    0    0    0    0    0    0    0    0    0    0    0    0    0    0    0    0    0    0
    0    0    0    0    0    0    0    0    0    0    0    0    0    0    0    0    0    0    0    0    0    0    0    0    0    0    0    0    0    0    0    0    0    0    0    0    0    0    0
    0    0    0    0    0    0    0    0    0    0    0    0    0    0    0    0    0    0    0    0    0    0    0    0    0    0    0    0    0    0    0    0    0    0    0    0    0    0    0
    0    0    0    0    0    0    0    0    0    0    0    0    0    0    0    0    0    0    0    0    0    0    0    0    0    0    0    0    0    0    0    0    0    0    0    0    0    0    0
    0    0    0    0    0    0    0    0    0    0    0    0    0    0    0    0    0    0    0    0    0    0    0    0    0    0    0    0    0    0    0    0    0    0    0    0    0    0    0
    0    0    0    0    0    0    0    0    0    0    0    0    0    0    0    0    0    0    0    0    0    0    0    0    0    0    0    0    0    0    0    0    0    0    0    0    0    0    0
    0    0    0    0    0    0    0    0    0    0    0    0    0    0    0    0    0    0    0    0    0    0    0    0    0    0    0    0    0    0    0    0    0    0    0    0    0    0    0
    0    0    0    0    0    0    0    0    0    0    0    0    0    0    0    0    0    0    0    0    0    0    0    0    0    0    0    0    0    0    0    0    0    0    0    0    0    0    0
    0    0    0    0    0    0    0    0    0    0    0    0    0    0    0    0    0    0    0    0    0    0    0    0    0    0    0    0    0    0    0    0    0    0    0    0    0    0    0
    0    0    0    0    0    0    0    0    0    0    0    0    0    0    0    0    0    0    0    0    0    0    0    0    0    0    0    0    0    0    0    0    0    0    0    0    0    0    0
    0    0    0    0    0    0    0    0    0    0    0    0    0    0    0    0    0    0    0    0    0    0    0    0    0    0    0    0    0    0    0    0    0    0    0    0    0    0    0
    0    0    0    0    0    0    0    0    0    0    0    0    0    0    0    0    0    0    0    0    0    0    0    0    0    0    0    0    0    0    0    0    0    0    0    0    0    0    0
    0    0    0    0    0    0    0    0    0    0    0    0    0    0    0    0    0    0    0    0    0    0    0    0    0    0    0    0    0    0    0    0    0    0    0    0    0    0    0
    0    0    0    0    0    0    0    0    0    0    0    0    0    0    0    0    0    0    0    0    0    0    0    0    0    0    0    0    0    0    0    0    0    0    0    0    0    0    0
    0    0    0    0    0    0    0    0    0    0    0    0    0    0    0    0    0    0    0    0    0    0    0    0    0    0    0    0    0    0    0    0    0    0    0    0    0    0    0
   30   30   31   34   34   38   39    0    0    0    0    0    0    0    0    0    0    0    0    0    0    0    0   25    0   30   25   30   30   27   30   31   34   32   36   34   36   37   38
   30   30   31   34   34   38   39    0    0    0    0    0    0    0    0    0    0    0    0    0    0    0   25    0    0   30   25   30   30   27   30   31   34   32   36   34   36   37   38
   30   30   31   34   34   38   39    0    0    0    0    0    0    0    0    0    0    0    0    0    0    0    0    0    0   30    0   30   30   27   30   31   34   32   36   34   36   37   38
   29   30   31   34   34   38   39    0    0    0    0    0    0    0    0    0    0    0    0    0    0    0   30   30   30    0   30    0   28   29   30   31   34   32   36   34   36   37   38
   30   30   31   34   34   38   39    0    0    0    0    0    0    0    0    0    0    0    0    0    0    0   25   25    0   30    0   30   30    0   30   31   34   32   36   34   36   37   38
   29   30   31   34   34   38   39    0    0    0    0    0    0    0    0    0    0    0    0    0    0    0   30   30   30    0   30    0    0   29   30   31   34   32   36   34   36   37   38
    0   30   31   34   34   38   39    0    0    0    0    0    0    0    0    0    0    0    0    0    0    0   30   30   30   28   30    0    0    1   30   31   34   32   36   34   36   37   38
    0    0   31   34   34   38   39    0    0    0    0    0    0    0    0    0    0    0    0    0    0    0   27   27   27   29    0   29    1    0    0   31   34   32   36   34   36   37   38
   30   30    0   34   34   38   39    0    0    0    0    0    0    0    0    0    0    0    0    0    0    0   30   30   30   30   30   30   30    0    0    0   34   32   36   34   36   37   38
   31   31   31   34   34   38   39    0    0    0    0    0    0    0    0    0    0    0    0    0    0    0   31   31   31   31   31   31   31   31    0    0   34    0   36   34   36   37   38
   34   34   34   34    0   38   39    0    0    0    0    0    0    0    0    0    0    0    0    0    0    0   34   34   34   34   34   34   34   34   34   34    0    0   36   34   36   37   38
   32   32   32    0   33   38   39    0    0    0    0    0    0    0    0    0    0    0    0    0    0    0   32   32   32   32   32   32   32   32   32    0    0    0   36    0   36   37   38
   36   36   36   36   36   38   39    0    0    0    0    0    0    0    0    0    0    0    0    0    0    0   36   36   36   36   36   36   36   36   36   36   36   36    0    0   36   37   38
   34   34   34   34   34   38   39    0    0    0    0    0    0    0    0    0    0    0    0    0    0    0   34   34   34   34   34   34   34   34   34   34   34    0    0    0    0   37   38
   36   36   36   36   36   38   39    0    0    0    0    0    0    0    0    0    0    0    0    0    0    0   36   36   36   36   36   36   36   36   36   36   36   36   36    0    0    0   38
   37   37   37   37   37    0   39    0    0    0    0    0    0    0    0    0    0    0    0    0    0    0   37   37   37   37   37   37   37   37   37   37   37   37   37   37    0    0    0
   38   38   38   38   38   38    0    0    0    0    0    0    0    0    0    0    0    0    0    0    0    0   38   38   38   38   38   38   38   38   38   38   38   38   38   38   38    0    0
